1
-105
-64
1
10
-26
1
-72
4
1
44
117
1
18
-87
1
0
-98
1
37
40
1
-66
-80
1
-92
45
1
-28
88
1
-5
79
1
32
115
1
57
-86
1
48
-53
1
39
49
1
-95
123
1
91
-21
1
-33
-121
1
-123
-76
1
-10
-48
1
-65
-79
1
53
54
1
-95
-75
1
122
62
1
125
-29
1
111
-70
1
-65
-103
1
65
-123
1
44
-105
1
-104
-15
1
82
83
1
101
123
1
-68
69
1
-84
-30
1
101
19
1
9
-98
1
-59
68
1
97
7
1
-78
-18
1
28
62
1
-18
79
1
40
-91
1
114
20
1
9
-60
1
-19
-98
1
-24
-112
1
63
94
1
91
56
1
-92
1
1
6
10
1
61
-76
1
2
63
1
111
37
1
-34
-3
1
47
43
1
-21
-22
1
74
59
1
116
-76
1
-53
-114
1
-111
60
1
81
104
1
-37
-81
1
-125
102
1
99
-95
1
100
-110
1
-13
-39
1
106
-10
1
17
85
1
26
-2
1
-121
-73
1
35
-63
1
126
-19
1
-66
100
1
-117
124
1
17
-100
1
-33
73
1
102
-48
1
-34
-97
1
124
89
1
18
53
1
-72
61
1
-54
-120
1
-70
58
1
-4
-19
1
-108
-16
1
107
28
1
-55
49
1
-99
101
1
33
22
1
72
-107
1
-94
-78
1
108
62
1
40
-124
1
-79
-78
1
-102
124
1
-98
-124
1
-108
4
1
92
71
1
-65
78
1
37
-62
