0
-64
10
1
-72
4
2
117
18
0
0
-98
1
40
-66
0
-92
45
1
88
-5
2
32
115
2
-86
48
0
39
49
0
123
91
1
-33
-121
0
-76
-10
0
-65
-79
2
54
-95
0
122
62
2
-29
111
0
-65
-103
2
-123
44
0
-104
-15
2
83
101
2
-68
69
0
-30
101
1
9
-98
0
68
97
1
-78
-18
1
62
-18
2
40
-91
2
20
9
0
-19
-98
1
-112
63
2
91
56
0
1
6
1
61
-76
1
63
111
1
-34
-3
2
43
-21
1
74
59
2
-76
-53
0
-111
60
2
104
-37
0
-125
102
2
-95
100
0
-13
-39
2
-10
17
2
26
-2
0
-73
35
0
126
-19
0
100
-117
2
17
-100
1
73
102
0
-34
-97
2
89
18
2
-72
61
0
-120
-70
2
-4
-19
0
-16
107
1
-55
49
0
101
33
1
72
-107
0
-78
108
2
40
-124
0
-78
-102
2
-98
-124
0
4
92
2
-65
78
1
-62
61
2
120
28
2
91
-54
1
-20
-10
1
-122
-95
1
-55
-80
1
90
120
2
80
-28
0
-47
-112
1
-34
22
0
76
-69
0
59
39
0
12
-64
1
-62
98
1
-60
-40
1
40
21
0
123
126
0
-31
-6
1
18
20
1
-82
-117
2
-111
94
1
69
3
0
-63
92
2
22
94
1
80
-57
2
60
91
1
33
80
0
-85
-91
0
106
-49
1
55
69
0
-5
-110
1
-79
-21
2
-14
-102
1
105
-86
