0
-105
-64
0
10
-26
0
-72
4
0
44
117
0
18
-87
0
0
-98
0
37
40
0
-66
-80
0
-92
45
0
-28
88
0
-5
79
0
32
115
0
57
-86
0
48
-53
0
39
49
0
-95
123
0
91
-21
0
-33
-121
0
-123
-76
0
-10
-48
0
-65
-79
0
53
54
0
-95
-75
0
122
62
0
125
-29
0
111
-70
0
-65
-103
0
65
-123
0
44
-105
0
-104
-15
0
82
83
0
101
123
0
-68
69
0
-84
-30
0
101
19
0
9
-98
0
-59
68
0
97
7
0
-78
-18
0
28
62
0
-18
79
0
40
-91
0
114
20
0
9
-60
0
-19
-98
0
-24
-112
0
63
94
0
91
56
0
-92
1
0
6
10
0
61
-76
0
2
63
0
111
37
0
-34
-3
0
47
43
0
-21
-22
0
74
59
0
116
-76
0
-53
-114
0
-111
60
0
81
104
0
-37
-81
0
-125
102
0
99
-95
0
100
-110
0
-13
-39
0
106
-10
0
17
85
0
26
-2
0
-121
-73
0
35
-63
0
126
-19
0
-66
100
0
-117
124
0
17
-100
0
-33
73
0
102
-48
0
-34
-97
0
124
89
0
18
53
0
-72
61
0
-54
-120
0
-70
58
0
-4
-19
0
-108
-16
0
107
28
0
-55
49
0
-99
101
0
33
22
0
72
-107
0
-94
-78
0
108
62
0
40
-124
0
-79
-78
0
-102
124
0
-98
-124
0
-108
4
0
92
71
0
-65
78
0
37
-62
