       26697
       29681
        4161
       29929
       20721
        3197
        9126
       17920
       31375
       31617
        5165
       31804
       31364
       15905
       26223
        4650
       13820
       30006
       25959
       31440
       21487
        1171
       22241
       24829
       24351
       12853
       21479
        5610
       23136
        1044
        3183
       26983
       22768
       10391
       31136
        1129
       14377
       12503
       25084
       26057
        6124
       16049
       14601
       21178
       23244
       24729
        9045
       22272
       21466
        5329
