140
-280
140
225
-80
256
0
0
0
0
0
0
0
0
0
0
0
0
0
0
0
0
0
0
0
0
0
0
0
0
0
0
0
0
0
0
-79
-207
207
79
-256
79
207
-207
-79
256
-79
-207
207
79
-256
79
207
-207
-79
256
-79
-207
207
79
-256
79
207
-207
-79
256
-79
-207
207
79
-256
79
207
-207
-79
256
-79
-207
207
79
-256
79
207
-207
-79
256
-79
-207
207
79
-256
79
207
-207
-79
256
-79
-207
207
79
-256
79
207
-207
-79
256
-79
-207
207
79
-256
79
207
-207
-79
256
-79
-207
207
79
-256
79
207
-207
-79
256
-79
-207
207
79
-256
79
207
-207
-79
256
0
0
0
0
0
0
0
0
0
0
243
207
150
79
0
-79
-150
-207
-243
-256
-243
-207
-150
-79
0
79
150
207
243
256
243
207
150
79
0
-79
-150
-207
-243
-256
-243
-207
-150
-79
0
79
150
207
243
256
243
207
150
79
0
-79
-150
-207
-243
-256
-243
-207
-150
-79
0
79
150
207
243
256
243
207
150
79
0
-79
-150
-207
-243
-256
-243
-207
-150
-79
0
79
150
207
243
256
243
207
150
79
0
-79
-150
-207
-243
-256
-243
-207
-150
-79
0
79
150
207
243
256
