2
-105
-64
2
10
-26
2
-72
4
2
44
117
2
18
-87
2
0
-98
2
37
40
2
-66
-80
2
-92
45
2
-28
88
2
-5
79
2
32
115
2
57
-86
2
48
-53
2
39
49
2
-95
123
2
91
-21
2
-33
-121
2
-123
-76
2
-10
-48
2
-65
-79
2
53
54
2
-95
-75
2
122
62
2
125
-29
2
111
-70
2
-65
-103
2
65
-123
2
44
-105
2
-104
-15
2
82
83
2
101
123
2
-68
69
2
-84
-30
2
101
19
2
9
-98
2
-59
68
2
97
7
2
-78
-18
2
28
62
2
-18
79
2
40
-91
2
114
20
2
9
-60
2
-19
-98
2
-24
-112
2
63
94
2
91
56
2
-92
1
2
6
10
2
61
-76
2
2
63
2
111
37
2
-34
-3
2
47
43
2
-21
-22
2
74
59
2
116
-76
2
-53
-114
2
-111
60
2
81
104
2
-37
-81
2
-125
102
2
99
-95
2
100
-110
2
-13
-39
2
106
-10
2
17
85
2
26
-2
2
-121
-73
2
35
-63
2
126
-19
2
-66
100
2
-117
124
2
17
-100
2
-33
73
2
102
-48
2
-34
-97
2
124
89
2
18
53
2
-72
61
2
-54
-120
2
-70
58
2
-4
-19
2
-108
-16
2
107
28
2
-55
49
2
-99
101
2
33
22
2
72
-107
2
-94
-78
2
108
62
2
40
-124
2
-79
-78
2
-102
124
2
-98
-124
2
-108
4
2
92
71
2
-65
78
2
37
-62
